[burt.jpg]
filters=fill=1,0.457944;autocolor=1;fill=1,0.289720;
moddate=32d5fdc55bc9cc01
width=375
height=300
textactive=0
